1234 0.9 1.3
1243 0.9 1.3
1249 0.9 1.3
1253 0.9 1.3
1262 0.9 1.3
1279 0.9 1.3
1282 0.9 1.3
1288 0.9 1.3
1294 0.9 1.3
1301 0.9 1.3
1310 0.9 1.3
1317 0.9 1.3
1322 0.9 1.3
1330 0.9 1.3
1339 0.9 1.3
1346 0.9 1.3
1353 0.9 1.3
1359 0.9 1.3
1362 0.9 1.3
1368 0.9 1.3
1374 0.9 1.3
1375 0.9 1.3
1380 0.9 1.3
1381 0.9 1.3
1392 0.9 1.3
1399 0.9 1.3
1400 0.9 1.3
1401 0.9 1.3
1402 0.9 1.3
1410 0.9 1.3
1411 0.9 1.3
1416 0.9 1.3
1427 0.9 1.3
1428 0.9 1.3
1429 0.9 1.3
1430 0.9 1.3
1438 0.9 1.3
1439 0.9 1.3
1444 0.9 1.3
1455 0.9 1.3
1461 0.9 1.3
1467 0.9 1.3
1473 0.9 1.3
1479 0.9 1.3
1485 0.9 1.3
1491 0.9 1.3
1496 0.9 1.3
1502 0.9 1.3
1508 0.9 1.3
1513 0.9 1.3
1518 0.9 1.3
1525 0.9 1.3
1530 0.9 1.3
1531 0.9 1.3
1533 0.9 1.3
1534 0.9 1.3
1535 0.9 1.3
1536 0.9 1.3
1543 0.9 1.3
1550 0.9 1.3
1555 0.9 1.3
1556 0.9 1.3
1558 0.9 1.3
1559 0.9 1.3
1560 0.9 1.3
1561 0.9 1.3
1569 0.9 1.3
1570 0.9 1.3
1571 0.9 1.3
1581 0.9 1.3
1582 0.9 1.3
1583 0.9 1.3
1588 0.9 1.3
1589 0.9 1.3
1590 0.9 1.3
1592 0.9 1.3
1593 0.9 1.3
1594 0.9 1.3
1595 0.9 1.3
1596 0.9 1.3
1598 0.9 1.3
1599 0.9 1.3
1600 0.9 1.3
1601 0.9 1.3
1606 0.9 1.3
1607 0.9 1.3
1612 0.9 1.3
1614 0.9 1.3
1616 0.9 1.3
1617 0.9 1.3
1619 0.9 1.3
1621 0.9 1.3
1622 0.9 1.3
1624 0.9 1.3
1626 0.9 1.3
1627 0.9 1.3
1629 0.9 1.3
1631 0.9 1.3
1632 0.9 1.3
1636 0.9 1.3
1637 0.9 1.3
1641 0.9 1.3
1642 0.9 1.3
1646 0.9 1.3
1647 0.9 1.3
1651 0.9 1.3
1653 0.9 1.3
1654 0.9 1.3
1655 0.9 1.3
1656 0.9 1.3
1658 0.9 1.3
1659 0.9 1.3
1660 0.9 1.3
1661 0.9 1.3
1663 0.9 1.3
1664 0.9 1.3
1665 0.9 1.3
1666 0.9 1.3
1668 0.9 1.3
1669 0.9 1.3
1670 0.9 1.3
1671 0.9 1.3
1672 0.9 1.3
1673 0.9 1.3
1674 0.9 1.3
1675 0.9 1.3
1677 0.9 1.3
1678 0.9 1.3
1679 0.9 1.3
1680 0.9 1.3
1681 0.9 1.3
1684 0.9 1.3
1685 0.9 1.3
1686 0.9 1.3
1687 0.9 1.3
1689 0.9 1.3
1690 0.9 1.3
1691 0.9 1.3
1692 0.9 1.3
1693 0.9 1.3
1696 0.9 1.3
1698 0.9 1.3
1699 0.9 1.3
1700 0.9 1.3
1701 0.9 1.3
1703 0.9 1.3
1704 0.9 1.3
1705 0.9 1.3
1706 0.9 1.3
1707 0.9 1.3
1708 0.9 1.3
1709 0.9 1.3
1710 0.9 1.3
1711 0.9 1.3
1712 0.9 1.3
1713 0.9 1.3
1714 0.9 1.3
1715 0.9 1.3
1716 0.9 1.3
1717 0.9 1.3
1718 0.9 1.3
1720 0.9 1.3
1721 0.9 1.3
1722 0.9 1.3
1723 0.9 1.3
1725 0.9 1.3
1726 0.9 1.3
1727 0.9 1.3
1728 0.9 1.3
1729 0.9 1.3
1730 0.9 1.3
1731 0.9 1.3
1732 0.9 1.3
1733 0.9 1.3
1734 0.9 1.3
1735 0.9 1.3
1736 0.9 1.3
1737 0.9 1.3
1738 0.9 1.3
1739 0.9 1.3
1740 0.9 1.3
1741 0.9 1.3
1742 0.9 1.3
1743 0.9 1.3
1744 0.9 1.3
1745 0.9 1.3
1746 0.9 1.3
1747 0.9 1.3
1748 0.9 1.3
1749 0.9 1.3
1750 0.9 1.3
1751 0.9 1.3
1752 0.9 1.3
1753 0.9 1.3
1754 0.9 1.3
1755 0.9 1.3
1756 0.9 1.3
1757 0.9 1.3
1758 0.9 1.3
1759 0.9 1.3
1761 0.9 1.3
1762 0.9 1.3
1763 0.9 1.3
1764 0.9 1.3
1766 0.9 1.3
1767 0.9 1.3
1768 0.9 1.3
1769 0.9 1.3
1770 0.9 1.3
1771 0.9 1.3
1772 0.9 1.3
1773 0.9 1.3
1774 0.9 1.3
1775 0.9 1.3
1776 0.9 1.3
1777 0.9 1.3
1778 0.9 1.3
1779 0.9 1.3
1780 0.9 1.3
1781 0.9 1.3
1782 0.9 1.3
1783 0.9 1.3
1784 0.9 1.3
1785 0.9 1.3
1786 0.9 1.3
1787 0.9 1.3
1788 0.9 1.3
1789 0.9 1.3
1790 0.9 1.3
1791 0.9 1.3
1792 0.9 1.3
1793 0.9 1.3
1794 0.9 1.3
1795 0.9 1.3
1796 0.9 1.3
1797 0.9 1.3
1798 0.9 1.3
1799 0.9 1.3
1800 0.9 1.3
1801 0.9 1.3
2074 0.9 1.3
2075 0.9 1.3
2086 0.9 1.3
2087 0.9 1.3
2314 0.9 1.3
2315 0.9 1.3
2326 0.9 1.3
2327 0.9 1.3
